{
  "asset": {
    "version": "2.0",
    "generator": "THREE.GLTFExporter"
  },
  "scenes": [
    {
      "name": "AuxScene",
      "nodes": [
        50
      ]
    }
  ],
  "scene": 0,
  "nodes": [
    {
      "matrix": [
        1,
        0,
        0,
        0,
        0,
        1,
        0,
        0,
        0,
        0,
        1,
        0,
        0,
        5.355535268435783,
        0,
        1
      ],
      "mesh": 0
    },
    {
      "matrix": [
        1,
        0,
        0,
        0,
        0,
        0.2797809490394991,
        0.9600638627479722,
        0,
        0,
        -0.9600638627479722,
        0.2797809490394991,
        0,
        0,
        -15,
        0,
        1
      ],
      "children": [
        0
      ]
    },
    {
      "matrix": [
        1,
        0,
        0,
        0,
        0,
        1,
        0,
        0,
        0,
        0,
        1,
        0,
        0,
        5.374052991825787,
        0,
        1
      ],
      "mesh": 1
    },
    {
      "matrix": [
        0.9685831611286311,
        0.2029287806027762,
        -0.1437587214089585,
        0,
        1.3877787807814457e-17,
        0.5780642029631942,
        0.8159912850346668,
        0,
        0.2486898871648548,
        -0.7903554183122915,
        0.5599032530413932,
        0,
        0,
        -15,
        0,
        1
      ],
      "children": [
        2
      ]
    },
    {
      "matrix": [
        1,
        0,
        0,
        0,
        0,
        1,
        0,
        0,
        0,
        0,
        1,
        0,
        0,
        5.340365438361129,
        0,
        1
      ],
      "mesh": 2
    },
    {
      "matrix": [
        0.8763066800438636,
        0.36912473795958556,
        -0.3095699118725349,
        0,
        -2.7755575615628914e-17,
        0.6425896231092858,
        0.766210529993073,
        0,
        0.4817536741017153,
        -0.6714354057528791,
        0.5631055792575358,
        0,
        0,
        -15,
        0,
        1
      ],
      "children": [
        4
      ]
    },
    {
      "matrix": [
        1,
        0,
        0,
        0,
        0,
        1,
        0,
        0,
        0,
        0,
        1,
        0,
        0,
        5.031767995607174,
        0,
        1
      ],
      "mesh": 3
    },
    {
      "matrix": [
        0.7289686274214116,
        0.4527985435806533,
        -0.5133986941613531,
        0,
        0,
        0.749983002944483,
        0.6614571001163837,
        0,
        0.6845471059286887,
        -0.48218147436998743,
        0.5467140802458282,
        0,
        0,
        -15,
        0,
        1
      ],
      "children": [
        6
      ]
    },
    {
      "matrix": [
        1,
        0,
        0,
        0,
        0,
        1,
        0,
        0,
        0,
        0,
        1,
        0,
        0,
        4.572735540621402,
        0,
        1
      ],
      "mesh": 4
    },
    {
      "matrix": [
        0.5358267949789964,
        0.8179565486658296,
        -0.2093722290018929,
        0,
        0,
        0.2479750138281942,
        0.9687664282565263,
        0,
        0.8443279255020153,
        -0.5190910103359445,
        0.1328716568944336,
        0,
        0,
        -15,
        0,
        1
      ],
      "children": [
        8
      ]
    },
    {
      "matrix": [
        1,
        0,
        0,
        0,
        0,
        1,
        0,
        0,
        0,
        0,
        1,
        0,
        0,
        4.41796990860145,
        0,
        1
      ],
      "mesh": 5
    },
    {
      "matrix": [
        0.30901699437494745,
        0.7886512655907698,
        -0.5315427343775389,
        0,
        0,
        0.5588971057662975,
        0.8292370138663953,
        0,
        0.9510565162951535,
        -0.2562483296494501,
        0.17270870378875847,
        0,
        0,
        -15,
        0,
        1
      ],
      "children": [
        10
      ]
    },
    {
      "matrix": [
        1,
        0,
        0,
        0,
        0,
        1,
        0,
        0,
        0,
        0,
        1,
        0,
        0,
        5.463348803345925,
        0,
        1
      ],
      "mesh": 6
    },
    {
      "matrix": [
        0.0627905195293137,
        0.9538008884389787,
        -0.29380472404345975,
        0,
        0,
        0.29438562683201297,
        0.9556867178708317,
        0,
        0.9980267284282713,
        -0.06000806552237403,
        0.01848462645074489,
        0,
        0,
        -15,
        0,
        1
      ],
      "children": [
        12
      ]
    },
    {
      "matrix": [
        1,
        0,
        0,
        0,
        0,
        1,
        0,
        0,
        0,
        0,
        1,
        0,
        0,
        5.167333734253702,
        0,
        1
      ],
      "mesh": 7
    },
    {
      "matrix": [
        -0.18738131458572482,
        0.8515867615962636,
        -0.4895796466542643,
        0,
        5.551115123125783e-17,
        0.4984078193940522,
        0.8669427002788972,
        0,
        0.9822872507286886,
        0.1624488628487577,
        -0.09339231239786194,
        0,
        0,
        -15,
        0,
        1
      ],
      "children": [
        14
      ]
    },
    {
      "matrix": [
        1,
        0,
        0,
        0,
        0,
        1,
        0,
        0,
        0,
        0,
        1,
        0,
        0,
        5.172062861297829,
        0,
        1
      ],
      "mesh": 8
    },
    {
      "matrix": [
        -0.42577929156507266,
        0.8452767050880138,
        -0.3228301205121599,
        0,
        0,
        0.3567865479179887,
        0.934185933968589,
        0,
        0.9048270524660194,
        0.39775702515520167,
        -0.1519123236124691,
        0,
        0,
        -15,
        0,
        1
      ],
      "children": [
        16
      ]
    },
    {
      "matrix": [
        1,
        0,
        0,
        0,
        0,
        1,
        0,
        0,
        0,
        0,
        1,
        0,
        0,
        4.685154680954668,
        0,
        1
      ],
      "mesh": 9
    },
    {
      "matrix": [
        -0.6374239897486897,
        0.5260129242866692,
        -0.5630284724383388,
        0,
        0,
        0.7307187484669536,
        0.6826786291066163,
        0,
        0.7705132427757893,
        0.4351557354813054,
        -0.46577766003197496,
        0,
        0,
        -15,
        0,
        1
      ],
      "children": [
        18
      ]
    },
    {
      "matrix": [
        1,
        0,
        0,
        0,
        0,
        1,
        0,
        0,
        0,
        0,
        1,
        0,
        0,
        5.053157046893553,
        0,
        1
      ],
      "mesh": 10
    },
    {
      "matrix": [
        -0.809016994374947,
        0.36373890985438745,
        -0.4617201622958089,
        0,
        0,
        0.7855252585787298,
        0.6188295953934487,
        0,
        0.5877852522924731,
        0.5006436592954727,
        -0.6355032837009671,
        0,
        0,
        -15,
        0,
        1
      ],
      "children": [
        20
      ]
    },
    {
      "matrix": [
        1,
        0,
        0,
        0,
        0,
        1,
        0,
        0,
        0,
        0,
        1,
        0,
        0,
        4.275804200261576,
        0,
        1
      ],
      "mesh": 11
    },
    {
      "matrix": [
        -0.9297764858882513,
        0.32426060591179373,
        -0.1742720452138287,
        0,
        2.7755575615628914e-17,
        0.4734051123264894,
        0.8808448215339316,
        0,
        0.36812455268467814,
        0.8189888027786828,
        -0.44016094174045617,
        0,
        0,
        -15,
        0,
        1
      ],
      "children": [
        22
      ]
    },
    {
      "matrix": [
        1,
        0,
        0,
        0,
        0,
        1,
        0,
        0,
        0,
        0,
        1,
        0,
        0,
        5.2746662811833405,
        0,
        1
      ],
      "mesh": 12
    },
    {
      "matrix": [
        -0.9921147013144775,
        0.12208429169796745,
        -0.028352163167739246,
        0,
        6.938893903907228e-18,
        0.22621424790091826,
        0.9740775708569733,
        0,
        0.12533323356430454,
        0.9663966782678981,
        -0.22443048098929852,
        0,
        0,
        -15,
        0,
        1
      ],
      "children": [
        24
      ]
    },
    {
      "matrix": [
        1,
        0,
        0,
        0,
        0,
        1,
        0,
        0,
        0,
        0,
        1,
        0,
        0,
        5.078954111766452,
        0,
        1
      ],
      "mesh": 13
    },
    {
      "matrix": [
        -0.992114701314478,
        -0.11140556404708671,
        0.057421422265866204,
        0,
        0,
        0.4581500104392119,
        0.8888748887973774,
        0,
        -0.1253332335643043,
        0.8818658448051497,
        -0.45453736076412365,
        0,
        0,
        -15,
        0,
        1
      ],
      "children": [
        26
      ]
    },
    {
      "matrix": [
        1,
        0,
        0,
        0,
        0,
        1,
        0,
        0,
        0,
        0,
        1,
        0,
        0,
        4.337984216491758,
        0,
        1
      ],
      "mesh": 14
    },
    {
      "matrix": [
        -0.9297764858882509,
        -0.3553494448455775,
        0.09613770507576291,
        0,
        0,
        0.26115537356757323,
        0.9652967786420822,
        0,
        -0.3681245526846783,
        0.8975102466850843,
        -0.24281612550649134,
        0,
        0,
        -15,
        0,
        1
      ],
      "children": [
        28
      ]
    },
    {
      "matrix": [
        1,
        0,
        0,
        0,
        0,
        1,
        0,
        0,
        0,
        0,
        1,
        0,
        0,
        4.415018521329274,
        0,
        1
      ],
      "mesh": 15
    },
    {
      "matrix": [
        -0.8090169943749477,
        -0.5616461770707275,
        0.17333515106395225,
        0,
        0,
        0.29489537273674793,
        0.9555295490660949,
        0,
        -0.587785252292473,
        0.7730396438219009,
        -0.23857536810656388,
        0,
        0,
        -15,
        0,
        1
      ],
      "children": [
        30
      ]
    },
    {
      "matrix": [
        1,
        0,
        0,
        0,
        0,
        1,
        0,
        0,
        0,
        0,
        1,
        0,
        0,
        4.61540241281435,
        0,
        1
      ],
      "mesh": 16
    },
    {
      "matrix": [
        -0.6374239897486897,
        -0.44831357292373486,
        0.6266622675933325,
        0,
        2.7755575615628914e-17,
        0.8133049930923565,
        0.5818375960790451,
        0,
        -0.7705132427757894,
        0.3708772418784914,
        -0.5184201135794604,
        0,
        0,
        -15,
        0,
        1
      ],
      "children": [
        32
      ]
    },
    {
      "matrix": [
        1,
        0,
        0,
        0,
        0,
        1,
        0,
        0,
        0,
        0,
        1,
        0,
        0,
        4.945434658444795,
        0,
        1
      ],
      "mesh": 17
    },
    {
      "matrix": [
        -0.42577929156507244,
        -0.6991870547920116,
        0.5743252190924738,
        0,
        0,
        0.6347348010066731,
        0.772730051435182,
        0,
        -0.9048270524660199,
        0.3290124538711136,
        -0.2702569339043186,
        0,
        0,
        -15,
        0,
        1
      ],
      "children": [
        34
      ]
    },
    {
      "matrix": [
        1,
        0,
        0,
        0,
        0,
        1,
        0,
        0,
        0,
        0,
        1,
        0,
        0,
        4.800466144987002,
        0,
        1
      ],
      "mesh": 18
    },
    {
      "matrix": [
        -0.18738131458572482,
        -0.9547306355400849,
        0.23103605022885937,
        0,
        5.551115123125783e-17,
        0.23520212652405892,
        0.9719464798426717,
        0,
        -0.982287250728689,
        0.18212460909988726,
        -0.044072483661436346,
        0,
        0,
        -15,
        0,
        1
      ],
      "children": [
        36
      ]
    },
    {
      "matrix": [
        1,
        0,
        0,
        0,
        0,
        1,
        0,
        0,
        0,
        0,
        1,
        0,
        0,
        4.044884891436275,
        0,
        1
      ],
      "mesh": 19
    },
    {
      "matrix": [
        0.06279051952931292,
        -0.7673220596479334,
        0.638180387848837,
        0,
        0,
        0.639442180926223,
        0.7688391881611626,
        0,
        -0.9980267284282716,
        -0.04827581205913445,
        0.04015090674931443,
        0,
        0,
        -15,
        0,
        1
      ],
      "children": [
        38
      ]
    },
    {
      "matrix": [
        1,
        0,
        0,
        0,
        0,
        1,
        0,
        0,
        0,
        0,
        1,
        0,
        0,
        4.993168637671393,
        0,
        1
      ],
      "mesh": 20
    },
    {
      "matrix": [
        0.309016994374947,
        -0.8251827699611212,
        0.47284447056803525,
        0,
        0,
        0.49717809874223207,
        0.8676485107064147,
        0,
        -0.9510565162951539,
        -0.26811813495239534,
        0.1536364817423752,
        0,
        0,
        -15,
        0,
        1
      ],
      "children": [
        40
      ]
    },
    {
      "matrix": [
        1,
        0,
        0,
        0,
        0,
        1,
        0,
        0,
        0,
        0,
        1,
        0,
        0,
        4.689216363751164,
        0,
        1
      ],
      "mesh": 21
    },
    {
      "matrix": [
        0.5358267949789961,
        -0.669350069184551,
        0.5146456360110068,
        0,
        0,
        0.6095328846372242,
        0.7927607851967857,
        0,
        -0.8443279255020153,
        -0.424782470717026,
        0.32660405200946596,
        0,
        0,
        -15,
        0,
        1
      ],
      "children": [
        42
      ]
    },
    {
      "matrix": [
        1,
        0,
        0,
        0,
        0,
        1,
        0,
        0,
        0,
        0,
        1,
        0,
        0,
        4.672168657806546,
        0,
        1
      ],
      "mesh": 22
    },
    {
      "matrix": [
        0.7289686274214112,
        -0.6300670996083703,
        0.26761948775535727,
        0,
        0,
        0.390943859725025,
        0.9204145253869586,
        0,
        -0.684547105928689,
        -0.6709533132300608,
        0.2849858088225802,
        0,
        0,
        -15,
        0,
        1
      ],
      "children": [
        44
      ]
    },
    {
      "matrix": [
        1,
        0,
        0,
        0,
        0,
        1,
        0,
        0,
        0,
        0,
        1,
        0,
        0,
        4.412716354850448,
        0,
        1
      ],
      "mesh": 23
    },
    {
      "matrix": [
        0.8763066800438636,
        -0.3697823731021281,
        0.3087840654137779,
        0,
        0,
        0.6409584026308486,
        0.7675756158821819,
        0,
        -0.4817536741017153,
        -0.6726316396363387,
        0.561676129855657,
        0,
        0,
        -15,
        0,
        1
      ],
      "children": [
        46
      ]
    },
    {
      "matrix": [
        1,
        0,
        0,
        0,
        0,
        1,
        0,
        0,
        0,
        0,
        1,
        0,
        0,
        4.489054976167702,
        0,
        1
      ],
      "mesh": 24
    },
    {
      "matrix": [
        0.968583161128631,
        -0.21327036394518042,
        0.1279156434559854,
        0,
        0,
        0.514358042115282,
        0.8575755386619501,
        0,
        -0.24868988716485538,
        -0.8306332261437801,
        0.49819853838395334,
        0,
        0,
        -15,
        0,
        1
      ],
      "children": [
        48
      ]
    },
    {
      "name": "giant_jungle_fern",
      "children": [
        1,
        3,
        5,
        7,
        9,
        11,
        13,
        15,
        17,
        19,
        21,
        23,
        25,
        27,
        29,
        31,
        33,
        35,
        37,
        39,
        41,
        43,
        45,
        47,
        49
      ]
    }
  ],
  "bufferViews": [
    {
      "buffer": 0,
      "byteOffset": 0,
      "byteLength": 768,
      "target": 34962,
      "byteStride": 12
    },
    {
      "buffer": 0,
      "byteOffset": 768,
      "byteLength": 768,
      "target": 34962,
      "byteStride": 12
    },
    {
      "buffer": 0,
      "byteOffset": 1536,
      "byteLength": 512,
      "target": 34962,
      "byteStride": 8
    },
    {
      "buffer": 0,
      "byteOffset": 2048,
      "byteLength": 540,
      "target": 34963
    },
    {
      "buffer": 0,
      "byteOffset": 2588,
      "byteLength": 768,
      "target": 34962,
      "byteStride": 12
    },
    {
      "buffer": 0,
      "byteOffset": 3356,
      "byteLength": 768,
      "target": 34962,
      "byteStride": 12
    },
    {
      "buffer": 0,
      "byteOffset": 4124,
      "byteLength": 512,
      "target": 34962,
      "byteStride": 8
    },
    {
      "buffer": 0,
      "byteOffset": 4636,
      "byteLength": 540,
      "target": 34963
    },
    {
      "buffer": 0,
      "byteOffset": 5176,
      "byteLength": 768,
      "target": 34962,
      "byteStride": 12
    },
    {
      "buffer": 0,
      "byteOffset": 5944,
      "byteLength": 768,
      "target": 34962,
      "byteStride": 12
    },
    {
      "buffer": 0,
      "byteOffset": 6712,
      "byteLength": 512,
      "target": 34962,
      "byteStride": 8
    },
    {
      "buffer": 0,
      "byteOffset": 7224,
      "byteLength": 540,
      "target": 34963
    },
    {
      "buffer": 0,
      "byteOffset": 7764,
      "byteLength": 768,
      "target": 34962,
      "byteStride": 12
    },
    {
      "buffer": 0,
      "byteOffset": 8532,
      "byteLength": 768,
      "target": 34962,
      "byteStride": 12
    },
    {
      "buffer": 0,
      "byteOffset": 9300,
      "byteLength": 512,
      "target": 34962,
      "byteStride": 8
    },
    {
      "buffer": 0,
      "byteOffset": 9812,
      "byteLength": 540,
      "target": 34963
    },
    {
      "buffer": 0,
      "byteOffset": 10352,
      "byteLength": 768,
      "target": 34962,
      "byteStride": 12
    },
    {
      "buffer": 0,
      "byteOffset": 11120,
      "byteLength": 768,
      "target": 34962,
      "byteStride": 12
    },
    {
      "buffer": 0,
      "byteOffset": 11888,
      "byteLength": 512,
      "target": 34962,
      "byteStride": 8
    },
    {
      "buffer": 0,
      "byteOffset": 12400,
      "byteLength": 540,
      "target": 34963
    },
    {
      "buffer": 0,
      "byteOffset": 12940,
      "byteLength": 768,
      "target": 34962,
      "byteStride": 12
    },
    {
      "buffer": 0,
      "byteOffset": 13708,
      "byteLength": 768,
      "target": 34962,
      "byteStride": 12
    },
    {
      "buffer": 0,
      "byteOffset": 14476,
      "byteLength": 512,
      "target": 34962,
      "byteStride": 8
    },
    {
      "buffer": 0,
      "byteOffset": 14988,
      "byteLength": 540,
      "target": 34963
    },
    {
      "buffer": 0,
      "byteOffset": 15528,
      "byteLength": 768,
      "target": 34962,
      "byteStride": 12
    },
    {
      "buffer": 0,
      "byteOffset": 16296,
      "byteLength": 768,
      "target": 34962,
      "byteStride": 12
    },
    {
      "buffer": 0,
      "byteOffset": 17064,
      "byteLength": 512,
      "target": 34962,
      "byteStride": 8
    },
    {
      "buffer": 0,
      "byteOffset": 17576,
      "byteLength": 540,
      "target": 34963
    },
    {
      "buffer": 0,
      "byteOffset": 18116,
      "byteLength": 768,
      "target": 34962,
      "byteStride": 12
    },
    {
      "buffer": 0,
      "byteOffset": 18884,
      "byteLength": 768,
      "target": 34962,
      "byteStride": 12
    },
    {
      "buffer": 0,
      "byteOffset": 19652,
      "byteLength": 512,
      "target": 34962,
      "byteStride": 8
    },
    {
      "buffer": 0,
      "byteOffset": 20164,
      "byteLength": 540,
      "target": 34963
    },
    {
      "buffer": 0,
      "byteOffset": 20704,
      "byteLength": 768,
      "target": 34962,
      "byteStride": 12
    },
    {
      "buffer": 0,
      "byteOffset": 21472,
      "byteLength": 768,
      "target": 34962,
      "byteStride": 12
    },
    {
      "buffer": 0,
      "byteOffset": 22240,
      "byteLength": 512,
      "target": 34962,
      "byteStride": 8
    },
    {
      "buffer": 0,
      "byteOffset": 22752,
      "byteLength": 540,
      "target": 34963
    },
    {
      "buffer": 0,
      "byteOffset": 23292,
      "byteLength": 768,
      "target": 34962,
      "byteStride": 12
    },
    {
      "buffer": 0,
      "byteOffset": 24060,
      "byteLength": 768,
      "target": 34962,
      "byteStride": 12
    },
    {
      "buffer": 0,
      "byteOffset": 24828,
      "byteLength": 512,
      "target": 34962,
      "byteStride": 8
    },
    {
      "buffer": 0,
      "byteOffset": 25340,
      "byteLength": 540,
      "target": 34963
    },
    {
      "buffer": 0,
      "byteOffset": 25880,
      "byteLength": 768,
      "target": 34962,
      "byteStride": 12
    },
    {
      "buffer": 0,
      "byteOffset": 26648,
      "byteLength": 768,
      "target": 34962,
      "byteStride": 12
    },
    {
      "buffer": 0,
      "byteOffset": 27416,
      "byteLength": 512,
      "target": 34962,
      "byteStride": 8
    },
    {
      "buffer": 0,
      "byteOffset": 27928,
      "byteLength": 540,
      "target": 34963
    },
    {
      "buffer": 0,
      "byteOffset": 28468,
      "byteLength": 768,
      "target": 34962,
      "byteStride": 12
    },
    {
      "buffer": 0,
      "byteOffset": 29236,
      "byteLength": 768,
      "target": 34962,
      "byteStride": 12
    },
    {
      "buffer": 0,
      "byteOffset": 30004,
      "byteLength": 512,
      "target": 34962,
      "byteStride": 8
    },
    {
      "buffer": 0,
      "byteOffset": 30516,
      "byteLength": 540,
      "target": 34963
    },
    {
      "buffer": 0,
      "byteOffset": 31056,
      "byteLength": 768,
      "target": 34962,
      "byteStride": 12
    },
    {
      "buffer": 0,
      "byteOffset": 31824,
      "byteLength": 768,
      "target": 34962,
      "byteStride": 12
    },
    {
      "buffer": 0,
      "byteOffset": 32592,
      "byteLength": 512,
      "target": 34962,
      "byteStride": 8
    },
    {
      "buffer": 0,
      "byteOffset": 33104,
      "byteLength": 540,
      "target": 34963
    },
    {
      "buffer": 0,
      "byteOffset": 33644,
      "byteLength": 768,
      "target": 34962,
      "byteStride": 12
    },
    {
      "buffer": 0,
      "byteOffset": 34412,
      "byteLength": 768,
      "target": 34962,
      "byteStride": 12
    },
    {
      "buffer": 0,
      "byteOffset": 35180,
      "byteLength": 512,
      "target": 34962,
      "byteStride": 8
    },
    {
      "buffer": 0,
      "byteOffset": 35692,
      "byteLength": 540,
      "target": 34963
    },
    {
      "buffer": 0,
      "byteOffset": 36232,
      "byteLength": 768,
      "target": 34962,
      "byteStride": 12
    },
    {
      "buffer": 0,
      "byteOffset": 37000,
      "byteLength": 768,
      "target": 34962,
      "byteStride": 12
    },
    {
      "buffer": 0,
      "byteOffset": 37768,
      "byteLength": 512,
      "target": 34962,
      "byteStride": 8
    },
    {
      "buffer": 0,
      "byteOffset": 38280,
      "byteLength": 540,
      "target": 34963
    },
    {
      "buffer": 0,
      "byteOffset": 38820,
      "byteLength": 768,
      "target": 34962,
      "byteStride": 12
    },
    {
      "buffer": 0,
      "byteOffset": 39588,
      "byteLength": 768,
      "target": 34962,
      "byteStride": 12
    },
    {
      "buffer": 0,
      "byteOffset": 40356,
      "byteLength": 512,
      "target": 34962,
      "byteStride": 8
    },
    {
      "buffer": 0,
      "byteOffset": 40868,
      "byteLength": 540,
      "target": 34963
    },
    {
      "buffer": 0,
      "byteOffset": 41408,
      "byteLength": 768,
      "target": 34962,
      "byteStride": 12
    },
    {
      "buffer": 0,
      "byteOffset": 42176,
      "byteLength": 768,
      "target": 34962,
      "byteStride": 12
    },
    {
      "buffer": 0,
      "byteOffset": 42944,
      "byteLength": 512,
      "target": 34962,
      "byteStride": 8
    },
    {
      "buffer": 0,
      "byteOffset": 43456,
      "byteLength": 540,
      "target": 34963
    },
    {
      "buffer": 0,
      "byteOffset": 43996,
      "byteLength": 768,
      "target": 34962,
      "byteStride": 12
    },
    {
      "buffer": 0,
      "byteOffset": 44764,
      "byteLength": 768,
      "target": 34962,
      "byteStride": 12
    },
    {
      "buffer": 0,
      "byteOffset": 45532,
      "byteLength": 512,
      "target": 34962,
      "byteStride": 8
    },
    {
      "buffer": 0,
      "byteOffset": 46044,
      "byteLength": 540,
      "target": 34963
    },
    {
      "buffer": 0,
      "byteOffset": 46584,
      "byteLength": 768,
      "target": 34962,
      "byteStride": 12
    },
    {
      "buffer": 0,
      "byteOffset": 47352,
      "byteLength": 768,
      "target": 34962,
      "byteStride": 12
    },
    {
      "buffer": 0,
      "byteOffset": 48120,
      "byteLength": 512,
      "target": 34962,
      "byteStride": 8
    },
    {
      "buffer": 0,
      "byteOffset": 48632,
      "byteLength": 540,
      "target": 34963
    },
    {
      "buffer": 0,
      "byteOffset": 49172,
      "byteLength": 768,
      "target": 34962,
      "byteStride": 12
    },
    {
      "buffer": 0,
      "byteOffset": 49940,
      "byteLength": 768,
      "target": 34962,
      "byteStride": 12
    },
    {
      "buffer": 0,
      "byteOffset": 50708,
      "byteLength": 512,
      "target": 34962,
      "byteStride": 8
    },
    {
      "buffer": 0,
      "byteOffset": 51220,
      "byteLength": 540,
      "target": 34963
    },
    {
      "buffer": 0,
      "byteOffset": 51760,
      "byteLength": 768,
      "target": 34962,
      "byteStride": 12
    },
    {
      "buffer": 0,
      "byteOffset": 52528,
      "byteLength": 768,
      "target": 34962,
      "byteStride": 12
    },
    {
      "buffer": 0,
      "byteOffset": 53296,
      "byteLength": 512,
      "target": 34962,
      "byteStride": 8
    },
    {
      "buffer": 0,
      "byteOffset": 53808,
      "byteLength": 540,
      "target": 34963
    },
    {
      "buffer": 0,
      "byteOffset": 54348,
      "byteLength": 768,
      "target": 34962,
      "byteStride": 12
    },
    {
      "buffer": 0,
      "byteOffset": 55116,
      "byteLength": 768,
      "target": 34962,
      "byteStride": 12
    },
    {
      "buffer": 0,
      "byteOffset": 55884,
      "byteLength": 512,
      "target": 34962,
      "byteStride": 8
    },
    {
      "buffer": 0,
      "byteOffset": 56396,
      "byteLength": 540,
      "target": 34963
    },
    {
      "buffer": 0,
      "byteOffset": 56936,
      "byteLength": 768,
      "target": 34962,
      "byteStride": 12
    },
    {
      "buffer": 0,
      "byteOffset": 57704,
      "byteLength": 768,
      "target": 34962,
      "byteStride": 12
    },
    {
      "buffer": 0,
      "byteOffset": 58472,
      "byteLength": 512,
      "target": 34962,
      "byteStride": 8
    },
    {
      "buffer": 0,
      "byteOffset": 58984,
      "byteLength": 540,
      "target": 34963
    },
    {
      "buffer": 0,
      "byteOffset": 59524,
      "byteLength": 768,
      "target": 34962,
      "byteStride": 12
    },
    {
      "buffer": 0,
      "byteOffset": 60292,
      "byteLength": 768,
      "target": 34962,
      "byteStride": 12
    },
    {
      "buffer": 0,
      "byteOffset": 61060,
      "byteLength": 512,
      "target": 34962,
      "byteStride": 8
    },
    {
      "buffer": 0,
      "byteOffset": 61572,
      "byteLength": 540,
      "target": 34963
    },
    {
      "buffer": 0,
      "byteOffset": 62112,
      "byteLength": 768,
      "target": 34962,
      "byteStride": 12
    },
    {
      "buffer": 0,
      "byteOffset": 62880,
      "byteLength": 768,
      "target": 34962,
      "byteStride": 12
    },
    {
      "buffer": 0,
      "byteOffset": 63648,
      "byteLength": 512,
      "target": 34962,
      "byteStride": 8
    },
    {
      "buffer": 0,
      "byteOffset": 64160,
      "byteLength": 540,
      "target": 34963
    }
  ],
  "buffers": [
    {
      "byteLength": 64700,
