{
  "asset": {
    "version": "2.0",
    "generator": "THREE.GLTFExporter"
  },
  "scenes": [
    {
      "name": "AuxScene",
      "nodes": [
        50
      ]
    }
  ],
  "scene": 0,
  "nodes": [
    {
      "matrix": [
        1,
        0,
        0,
        0,
        0,
        1,
        0,
        0,
        0,
        0,
        1,
        0,
        0,
        5.27978948516102,
        0,
        1
      ],
      "mesh": 0
    },
    {
      "matrix": [
        1,
        0,
        0,
        0,
        0,
        0.28980846708389807,
        0.957084663134083,
        0,
        0,
        -0.957084663134083,
        0.28980846708389807,
        0,
        0,
        -15,
        0,
        1
      ],
      "children": [
        0
      ]
    },
    {
      "matrix": [
        1,
        0,
        0,
        0,
        0,
        1,
        0,
        0,
        0,
        0,
        1,
        0,
        0,
        4.443865764811105,
        0,
        1
      ],
      "mesh": 1
    },
    {
      "matrix": [
        0.9685831611286311,
        0.2329936623756729,
        -0.08695178704799093,
        0,
        0,
        0.3496394165410963,
        0.9368843463313931,
        0,
        0.2486898871648548,
        -0.907450401781592,
        0.3386548513285452,
        0,
        0,
        -15,
        0,
        1
      ],
      "children": [
        2
      ]
    },
    {
      "matrix": [
        1,
        0,
        0,
        0,
        0,
        1,
        0,
        0,
        0,
        0,
        1,
        0,
        0,
        4.634147649364563,
        0,
        1
      ],
      "mesh": 2
    },
    {
      "matrix": [
        0.8763066800438636,
        0.28434098153787835,
        -0.3888917699419435,
        0,
        0,
        0.8072419388748342,
        0.5902206808657237,
        0,
        0.4817536741017152,
        -0.517214325342671,
        0.7073915034475774,
        0,
        0,
        -15,
        0,
        1
      ],
      "children": [
        4
      ]
    },
    {
      "matrix": [
        1,
        0,
        0,
        0,
        0,
        1,
        0,
        0,
        0,
        0,
        1,
        0,
        0,
        4.99779836161123,
        0,
        1
      ],
      "mesh": 3
    },
    {
      "matrix": [
        0.7289686274214116,
        0.6318347383735653,
        -0.26341906464747683,
        0,
        0,
        0.38480779827432054,
        0.9229967271812344,
        0,
        0.6845471059286887,
        -0.6728356573277595,
        0.2805128125290868,
        0,
        0,
        -15,
        0,
        1
      ],
      "children": [
        6
      ]
    },
    {
      "matrix": [
        1,
        0,
        0,
        0,
        0,
        1,
        0,
        0,
        0,
        0,
        1,
        0,
        0,
        4.31470644727758,
        0,
        1
      ],
      "mesh": 4
    },
    {
      "matrix": [
        0.5358267949789965,
        0.8008917288021075,
        -0.2673239318110299,
        0,
        0,
        0.316611500978232,
        0.9485553001529807,
        0,
        0.8443279255020153,
        -0.5082613463413117,
        0.16964892582265545,
        0,
        0,
        -15,
        0,
        1
      ],
      "children": [
        8
      ]
    },
    {
      "matrix": [
        1,
        0,
        0,
        0,
        0,
        1,
        0,
        0,
        0,
        0,
        1,
        0,
        0,
        4.763100475963948,
        0,
        1
      ],
      "mesh": 5
    },
    {
      "matrix": [
        0.30901699437494756,
        0.6713727015416142,
        -0.6736224408466424,
        0,
        0,
        0.7082885499494213,
        0.7059230340558,
        0,
        0.9510565162951535,
        -0.218142214243967,
        0.2188731988555601,
        0,
        0,
        -15,
        0,
        1
      ],
      "children": [
        10
      ]
    },
    {
      "matrix": [
        1,
        0,
        0,
        0,
        0,
        1,
        0,
        0,
        0,
        0,
        1,
        0,
        0,
        5.44538320287012,
        0,
        1
      ],
      "mesh": 6
    },
    {
      "matrix": [
        0.06279051952931347,
        0.9478648854553834,
        -0.31242520637408816,
        0,
        0,
        0.3130429250788771,
        0.949738978381987,
        0,
        0.9980267284282713,
        -0.059634603869844316,
        0.01965612790067861,
        0,
        0,
        -15,
        0,
        1
      ],
      "children": [
        12
      ]
    },
    {
      "matrix": [
        1,
        0,
        0,
        0,
        0,
        1,
        0,
        0,
        0,
        0,
        1,
        0,
        0,
        5.096072919032549,
        0,
        1
      ],
      "mesh": 7
    },
    {
      "matrix": [
        -0.18738131458572482,
        0.6660360033230435,
        -0.7220001975218513,
        0,
        5.551115123125783e-17,
        0.7350194120775274,
        0.6780460632355342,
        0,
        0.9822872507286886,
        0.1270531626787499,
        -0.1377289036811138,
        0,
        0,
        -15,
        0,
        1
      ],
      "children": [
        14
      ]
    },
    {
      "matrix": [
        1,
        0,
        0,
        0,
        0,
        1,
        0,
        0,
        0,
        0,
        1,
        0,
        0,
        4.7583438667921625,
        0,
        1
      ],
      "mesh": 8
    },
    {
      "matrix": [
        -0.42577929156507266,
        0.775987792472561,
        -0.4653546398263439,
        0,
        0,
        0.5143023062341743,
        0.8576089655561032,
        0,
        0.9048270524660194,
        0.3651521377943325,
        -0.2189792715986696,
        0,
        0,
        -15,
        0,
        1
      ],
      "children": [
        16
      ]
    },
    {
      "matrix": [
        1,
        0,
        0,
        0,
        0,
        1,
        0,
        0,
        0,
        0,
        1,
        0,
        0,
        5.2063671713460735,
        0,
        1
      ],
      "mesh": 9
    },
    {
      "matrix": [
        -0.6374239897486902,
        0.7082060822558404,
        -0.3035371515131161,
        0,
        0,
        0.3939415115301814,
        0.9191355098641963,
        0,
        0.7705132427757894,
        0.5858790238173323,
        -0.2511077700071982,
        0,
        0,
        -15,
        0,
        1
      ],
      "children": [
        18
      ]
    },
    {
      "matrix": [
        1,
        0,
        0,
        0,
        0,
        1,
        0,
        0,
        0,
        0,
        1,
        0,
        0,
        4.987249218473573,
        0,
        1
      ],
      "mesh": 10
    },
    {
      "matrix": [
        -0.809016994374947,
        0.5612999989440207,
        -0.17445289908158182,
        0,
        0,
        0.29679699924620895,
        0.9549405956594608,
        0,
        0.5877852522924731,
        0.7725631705070388,
        -0.2401138162696712,
        0,
        0,
        -15,
        0,
        1
      ],
      "children": [
        20
      ]
    },
    {
      "matrix": [
        1,
        0,
        0,
        0,
        0,
        1,
        0,
        0,
        0,
        0,
        1,
        0,
        0,
        4.085037997558616,
        0,
        1
      ],
      "mesh": 11
    },
    {
      "matrix": [
        -0.9297764858882511,
        0.28339050270613064,
        -0.23495852669196948,
        0,
        -2.7755575615628914e-17,
        0.6382582334659601,
        0.7698223349662647,
        0,
        0.36812455268467814,
        0.7157627053632218,
        -0.5934374974012233,
        0,
        0,
        -15,
        0,
        1
      ],
      "children": [
        22
      ]
    },
    {
      "matrix": [
        1,
        0,
        0,
        0,
        0,
        1,
        0,
        0,
        0,
        0,
        1,
        0,
        0,
        4.462249004269581,
        0,
        1
      ],
      "mesh": 12
    },
    {
      "matrix": [
        -0.9921147013144782,
        0.11575515195470482,
        -0.04805376396940948,
        0,
        -6.938893903907228e-18,
        0.3834079964493583,
        0.9235790752603098,
        0,
        0.12533323356430454,
        0.9162963783921839,
        -0.3803847098789379,
        0,
        0,
        -15,
        0,
        1
      ],
      "children": [
        24
      ]
    },
    {
      "matrix": [
        1,
        0,
        0,
        0,
        0,
        1,
        0,
        0,
        0,
        0,
        1,
        0,
        0,
        4.104107034130717,
        0,
        1
      ],
      "mesh": 13
    },
    {
      "matrix": [
        -0.992114701314478,
        -0.11681217284375635,
        0.0454239552571641,
        0,
        1.3877787807814457e-17,
        0.36242546342553716,
        0.932012759280035,
        0,
        -0.1253332335643043,
        0.9246635602943943,
        -0.35956763039518824,
        0,
        0,
        -15,
        0,
        1
      ],
      "children": [
        26
      ]
    },
    {
      "matrix": [
        1,
        0,
        0,
        0,
        0,
        1,
        0,
        0,
        0,
        0,
        1,
        0,
        0,
        5.321207261966065,
        0,
        1
      ],
      "mesh": 14
    },
    {
      "matrix": [
        -0.9297764858882509,
        -0.34837326798085877,
        0.11896113838405906,
        0,
        2.7755575615628914e-17,
        0.3231545886208703,
        0.9463461902777841,
        0,
        -0.36812455268467825,
        0.8798904352302124,
        -0.3004615378065758,
        0,
        0,
        -15,
        0,
        1
      ],
      "children": [
        28
      ]
    },
    {
      "matrix": [
        1,
        0,
        0,
        0,
        0,
        1,
        0,
        0,
        0,
        0,
        1,
        0,
        0,
        5.007516950888633,
        0,
        1
      ],
      "mesh": 15
    },
    {
      "matrix": [
        -0.8090169943749479,
        -0.5736613998171414,
        0.12807849613562786,
        0,
        0,
        0.21790015254057082,
        0.9759710669496284,
        0,
        -0.587785252292473,
        0.7895771791804991,
        -0.1762849264822155,
        0,
        0,
        -15,
        0,
        1
      ],
      "children": [
        30
      ]
    },
    {
      "matrix": [
        1,
        0,
        0,
        0,
        0,
        1,
        0,
        0,
        0,
        0,
        1,
        0,
        0,
        5.216556979998611,
        0,
        1
      ],
      "mesh": 16
    },
    {
      "matrix": [
        -0.6374239897486895,
        -0.6112936812779688,
        0.4690529741111248,
        0,
        5.551115123125783e-17,
        0.6087539422701576,
        0.793359085011662,
        0,
        -0.7705132427757894,
        0.5057061132715034,
        -0.38803436665708735,
        0,
        0,
        -15,
        0,
        1
      ],
      "children": [
        32
      ]
    },
    {
      "matrix": [
        1,
        0,
        0,
        0,
        0,
        1,
        0,
        0,
        0,
        0,
        1,
        0,
        0,
        4.914489062380943,
        0,
        1
      ],
      "mesh": 17
    },
    {
      "matrix": [
        -0.4257792915650722,
        -0.8546733386894396,
        0.29706140612303006,
        0,
        5.551115123125783e-17,
        0.32830738792945846,
        0.9445709391204751,
        0,
        -0.9048270524660198,
        0.40217874529167075,
        -0.1397864870481842,
        0,
        0,
        -15,
        0,
        1
      ],
      "children": [
        34
      ]
    },
    {
      "matrix": [
        1,
        0,
        0,
        0,
        0,
        1,
        0,
        0,
        0,
        0,
        1,
        0,
        0,
        4.801966235523018,
        0,
        1
      ],
      "mesh": 18
    },
    {
      "matrix": [
        -0.18738131458572482,
        -0.7635764906731333,
        0.6179313763157107,
        0,
        0,
        0.6290740064653302,
        0.7773454151081474,
        0,
        -0.9822872507286889,
        0.14566000577015042,
        -0.11787671430318247,
        0,
        0,
        -15,
        0,
        1
      ],
      "children": [
        36
      ]
    },
    {
      "matrix": [
        1,
        0,
        0,
        0,
        0,
        1,
        0,
        0,
        0,
        0,
        1,
        0,
        0,
        4.748286932723628,
        0,
        1
      ],
      "mesh": 19
    },
    {
      "matrix": [
        0.06279051952931303,
        -0.6834550890405575,
        0.7272870766910423,
        0,
        -5.551115123125783e-17,
        0.7287250491140657,
        0.6848063980379436,
        0,
        -0.9980267284282714,
        -0.04299934950979989,
        0.04575702442789631,
        0,
        0,
        -15,
        0,
        1
      ],
      "children": [
        38
      ]
    },
    {
      "matrix": [
        1,
        0,
        0,
        0,
        0,
        1,
        0,
        0,
        0,
        0,
        1,
        0,
        0,
        4.260462554117099,
        0,
        1
      ],
      "mesh": 20
    },
    {
      "matrix": [
        0.309016994374947,
        -0.6424289591390901,
        0.7012799224610237,
        0,
        -5.551115123125783e-17,
        0.7373693470845073,
        0.6754897822914626,
        0,
        -0.9510565162951538,
        -0.20873782225469517,
        0.22785965938027153,
        0,
        0,
        -15,
        0,
        1
      ],
      "children": [
        40
      ]
    },
    {
      "matrix": [
        1,
        0,
        0,
        0,
        0,
        1,
        0,
        0,
        0,
        0,
        1,
        0,
        0,
        4.423109577301491,
        0,
        1
      ],
      "mesh": 21
    },
    {
      "matrix": [
        0.535826794978996,
        -0.6141968802215172,
        0.5793546738472837,
        0,
        5.551115123125783e-17,
        0.686172583363051,
        0.7274387849440508,
        0,
        -0.8443279255020155,
        -0.3897811926799858,
        0.36766965614588154,
        0,
        0,
        -15,
        0,
        1
      ],
      "children": [
        42
      ]
    },
    {
      "matrix": [
        1,
        0,
        0,
        0,
        0,
        1,
        0,
        0,
        0,
        0,
        1,
        0,
        0,
        5.082338140930395,
        0,
        1
      ],
      "mesh": 22
    },
    {
      "matrix": [
        0.7289686274214113,
        -0.5193044995708785,
        0.4460129784667517,
        0,
        0,
        0.6515446119104826,
        0.7586103207117727,
        0,
        -0.684547105928689,
        -0.5530031242369775,
        0.4749555814482006,
        0,
        0,
        -15,
        0,
        1
      ],
      "children": [
        44
      ]
    },
    {
      "matrix": [
        1,
        0,
        0,
        0,
        0,
        1,
        0,
        0,
        0,
        0,
        1,
        0,
        0,
        5.313625265309824,
        0,
        1
      ],
      "mesh": 23
    },
    {
      "matrix": [
        0.8763066800438636,
        -0.28010515655059975,
        0.3919537010722896,
        0,
        0,
        0.8135977412172973,
        0.581428168810311,
        0,
        -0.4817536741017154,
        -0.5095093882941467,
        0.7129611354973163,
        0,
        0,
        -15,
        0,
        1
      ],
      "children": [
        46
      ]
    },
    {
      "matrix": [
        1,
        0,
        0,
        0,
        0,
        1,
        0,
        0,
        0,
        0,
        1,
        0,
        0,
        4.228384306615907,
        0,
        1
      ],
      "mesh": 24
    },
    {
      "matrix": [
        0.968583161128631,
        -0.2439026193184499,
        0.04856101592499694,
        0,
        0,
        0.19526735276053286,
        0.9807500501890855,
        0,
        -0.24868988716485535,
        -0.9499379838892078,
        0.18913266980201648,
        0,
        0,
        -15,
        0,
        1
      ],
      "children": [
        48
      ]
    },
    {
      "name": "giant_jungle_fern",
      "children": [
        1,
        3,
        5,
        7,
        9,
        11,
        13,
        15,
        17,
        19,
        21,
        23,
        25,
        27,
        29,
        31,
        33,
        35,
        37,
        39,
        41,
        43,
        45,
        47,
        49
      ]
    }
  ],
  "bufferViews": [
    {
      "buffer": 0,
      "byteOffset": 0,
      "byteLength": 768,
      "target": 34962,
      "byteStride": 12
    },
    {
      "buffer": 0,
      "byteOffset": 768,
      "byteLength": 768,
      "target": 34962,
      "byteStride": 12
    },
    {
      "buffer": 0,
      "byteOffset": 1536,
      "byteLength": 512,
      "target": 34962,
      "byteStride": 8
    },
    {
      "buffer": 0,
      "byteOffset": 2048,
      "byteLength": 540,
      "target": 34963
    },
    {
      "buffer": 0,
      "byteOffset": 2588,
      "byteLength": 768,
      "target": 34962,
      "byteStride": 12
    },
    {
      "buffer": 0,
      "byteOffset": 3356,
      "byteLength": 768,
      "target": 34962,
      "byteStride": 12
    },
    {
      "buffer": 0,
      "byteOffset": 4124,
      "byteLength": 512,
      "target": 34962,
      "byteStride": 8
    },
    {
      "buffer": 0,
      "byteOffset": 4636,
      "byteLength": 540,
      "target": 34963
    },
    {
      "buffer": 0,
      "byteOffset": 5176,
      "byteLength": 768,
      "target": 34962,
      "byteStride": 12
    },
    {
      "buffer": 0,
      "byteOffset": 5944,
      "byteLength": 768,
      "target": 34962,
      "byteStride": 12
    },
    {
      "buffer": 0,
      "byteOffset": 6712,
      "byteLength": 512,
      "target": 34962,
      "byteStride": 8
    },
    {
      "buffer": 0,
      "byteOffset": 7224,
      "byteLength": 540,
      "target": 34963
    },
    {
      "buffer": 0,
      "byteOffset": 7764,
      "byteLength": 768,
      "target": 34962,
      "byteStride": 12
    },
    {
      "buffer": 0,
      "byteOffset": 8532,
      "byteLength": 768,
      "target": 34962,
      "byteStride": 12
    },
    {
      "buffer": 0,
      "byteOffset": 9300,
      "byteLength": 512,
      "target": 34962,
      "byteStride": 8
    },
    {
      "buffer": 0,
      "byteOffset": 9812,
      "byteLength": 540,
      "target": 34963
    },
    {
      "buffer": 0,
      "byteOffset": 10352,
      "byteLength": 768,
      "target": 34962,
      "byteStride": 12
    },
    {
      "buffer": 0,
      "byteOffset": 11120,
      "byteLength": 768,
      "target": 34962,
      "byteStride": 12
    },
    {
      "buffer": 0,
      "byteOffset": 11888,
      "byteLength": 512,
      "target": 34962,
      "byteStride": 8
    },
    {
      "buffer": 0,
      "byteOffset": 12400,
      "byteLength": 540,
      "target": 34963
    },
    {
      "buffer": 0,
      "byteOffset": 12940,
      "byteLength": 768,
      "target": 34962,
      "byteStride": 12
    },
    {
      "buffer": 0,
      "byteOffset": 13708,
      "byteLength": 768,
      "target": 34962,
      "byteStride": 12
    },
    {
      "buffer": 0,
      "byteOffset": 14476,
      "byteLength": 512,
      "target": 34962,
      "byteStride": 8
    },
    {
      "buffer": 0,
      "byteOffset": 14988,
      "byteLength": 540,
      "target": 34963
    },
    {
      "buffer": 0,
      "byteOffset": 15528,
      "byteLength": 768,
      "target": 34962,
      "byteStride": 12
    },
    {
      "buffer": 0,
      "byteOffset": 16296,
      "byteLength": 768,
      "target": 34962,
      "byteStride": 12
    },
    {
      "buffer": 0,
      "byteOffset": 17064,
      "byteLength": 512,
      "target": 34962,
      "byteStride": 8
    },
    {
      "buffer": 0,
      "byteOffset": 17576,
      "byteLength": 540,
      "target": 34963
    },
    {
      "buffer": 0,
      "byteOffset": 18116,
      "byteLength": 768,
      "target": 34962,
      "byteStride": 12
    },
    {
      "buffer": 0,
      "byteOffset": 18884,
      "byteLength": 768,
      "target": 34962,
      "byteStride": 12
    },
    {
      "buffer": 0,
      "byteOffset": 19652,
      "byteLength": 512,
      "target": 34962,
      "byteStride": 8
    },
    {
      "buffer": 0,
      "byteOffset": 20164,
      "byteLength": 540,
      "target": 34963
    },
    {
      "buffer": 0,
      "byteOffset": 20704,
      "byteLength": 768,
      "target": 34962,
      "byteStride": 12
    },
    {
      "buffer": 0,
      "byteOffset": 21472,
      "byteLength": 768,
      "target": 34962,
      "byteStride": 12
    },
    {
      "buffer": 0,
      "byteOffset": 22240,
      "byteLength": 512,
      "target": 34962,
      "byteStride": 8
    },
    {
      "buffer": 0,
      "byteOffset": 22752,
      "byteLength": 540,
      "target": 34963
    },
    {
      "buffer": 0,
      "byteOffset": 23292,
      "byteLength": 768,
      "target": 34962,
      "byteStride": 12
    },
    {
      "buffer": 0,
      "byteOffset": 24060,
      "byteLength": 768,
      "target": 34962,
      "byteStride": 12
    },
    {
      "buffer": 0,
      "byteOffset": 24828,
      "byteLength": 512,
      "target": 34962,
      "byteStride": 8
    },
    {
      "buffer": 0,
      "byteOffset": 25340,
      "byteLength": 540,
      "target": 34963
    },
    {
      "buffer": 0,
      "byteOffset": 25880,
      "byteLength": 768,
      "target": 34962,
      "byteStride": 12
    },
    {
      "buffer": 0,
      "byteOffset": 26648,
      "byteLength": 768,
      "target": 34962,
      "byteStride": 12
    },
    {
      "buffer": 0,
      "byteOffset": 27416,
      "byteLength": 512,
      "target": 34962,
      "byteStride": 8
    },
    {
      "buffer": 0,
      "byteOffset": 27928,
      "byteLength": 540,
      "target": 34963
    },
    {
      "buffer": 0,
      "byteOffset": 28468,
      "byteLength": 768,
      "target": 34962,
      "byteStride": 12
    },
    {
      "buffer": 0,
      "byteOffset": 29236,
      "byteLength": 768,
      "target": 34962,
      "byteStride": 12
    },
    {
      "buffer": 0,
      "byteOffset": 30004,
      "byteLength": 512,
      "target": 34962,
      "byteStride": 8
    },
    {
      "buffer": 0,
      "byteOffset": 30516,
      "byteLength": 540,
      "target": 34963
    },
    {
      "buffer": 0,
      "byteOffset": 31056,
      "byteLength": 768,
      "target": 34962,
      "byteStride": 12
    },
    {
      "buffer": 0,
      "byteOffset": 31824,
      "byteLength": 768,
      "target": 34962,
      "byteStride": 12
    },
    {
      "buffer": 0,
      "byteOffset": 32592,
      "byteLength": 512,
      "target": 34962,
      "byteStride": 8
    },
    {
      "buffer": 0,
      "byteOffset": 33104,
      "byteLength": 540,
      "target": 34963
    },
    {
      "buffer": 0,
      "byteOffset": 33644,
      "byteLength": 768,
      "target": 34962,
      "byteStride": 12
    },
    {
      "buffer": 0,
      "byteOffset": 34412,
      "byteLength": 768,
      "target": 34962,
      "byteStride": 12
    },
    {
      "buffer": 0,
      "byteOffset": 35180,
      "byteLength": 512,
      "target": 34962,
      "byteStride": 8
    },
    {
      "buffer": 0,
      "byteOffset": 35692,
      "byteLength": 540,
      "target": 34963
    },
    {
      "buffer": 0,
      "byteOffset": 36232,
      "byteLength": 768,
      "target": 34962,
      "byteStride": 12
    },
    {
      "buffer": 0,
      "byteOffset": 37000,
      "byteLength": 768,
      "target": 34962,
      "byteStride": 12
    },
    {
      "buffer": 0,
      "byteOffset": 37768,
      "byteLength": 512,
      "target": 34962,
      "byteStride": 8
    },
    {
      "buffer": 0,
      "byteOffset": 38280,
      "byteLength": 540,
      "target": 34963
    },
    {
      "buffer": 0,
      "byteOffset": 38820,
      "byteLength": 768,
      "target": 34962,
      "byteStride": 12
    },
    {
      "buffer": 0,
      "byteOffset": 39588,
      "byteLength": 768,
      "target": 34962,
      "byteStride": 12
    },
    {
      "buffer": 0,
      "byteOffset": 40356,
      "byteLength": 512,
      "target": 34962,
      "byteStride": 8
    },
    {
      "buffer": 0,
      "byteOffset": 40868,
      "byteLength": 540,
      "target": 34963
    },
    {
      "buffer": 0,
      "byteOffset": 41408,
      "byteLength": 768,
      "target": 34962,
      "byteStride": 12
    },
    {
      "buffer": 0,
      "byteOffset": 42176,
      "byteLength": 768,
      "target": 34962,
      "byteStride": 12
    },
    {
      "buffer": 0,
      "byteOffset": 42944,
      "byteLength": 512,
      "target": 34962,
      "byteStride": 8
    },
    {
      "buffer": 0,
      "byteOffset": 43456,
      "byteLength": 540,
      "target": 34963
    },
    {
      "buffer": 0,
      "byteOffset": 43996,
      "byteLength": 768,
      "target": 34962,
      "byteStride": 12
    },
    {
      "buffer": 0,
      "byteOffset": 44764,
      "byteLength": 768,
      "target": 34962,
      "byteStride": 12
    },
    {
      "buffer": 0,
      "byteOffset": 45532,
      "byteLength": 512,
      "target": 34962,
      "byteStride": 8
    },
    {
      "buffer": 0,
      "byteOffset": 46044,
      "byteLength": 540,
      "target": 34963
    },
    {
      "buffer": 0,
      "byteOffset": 46584,
      "byteLength": 768,
      "target": 34962,
      "byteStride": 12
    },
    {
      "buffer": 0,
      "byteOffset": 47352,
      "byteLength": 768,
      "target": 34962,
      "byteStride": 12
    },
    {
      "buffer": 0,
      "byteOffset": 48120,
      "byteLength": 512,
      "target": 34962,
      "byteStride": 8
    },
    {
      "buffer": 0,
      "byteOffset": 48632,
      "byteLength": 540,
      "target": 34963
    },
    {
      "buffer": 0,
      "byteOffset": 49172,
      "byteLength": 768,
      "target": 34962,
      "byteStride": 12
    },
    {
      "buffer": 0,
      "byteOffset": 49940,
      "byteLength": 768,
      "target": 34962,
      "byteStride": 12
    },
    {
      "buffer": 0,
      "byteOffset": 50708,
      "byteLength": 512,
      "target": 34962,
      "byteStride": 8
    },
    {
      "buffer": 0,
      "byteOffset": 51220,
      "byteLength": 540,
      "target": 34963
    },
    {
      "buffer": 0,
      "byteOffset": 51760,
      "byteLength": 768,
      "target": 34962,
      "byteStride": 12
    },
    {
      "buffer": 0,
      "byteOffset": 52528,
      "byteLength": 768,
      "target": 34962,
      "byteStride": 12
    },
    {
      "buffer": 0,
      "byteOffset": 53296,
      "byteLength": 512,
      "target": 34962,
      "byteStride": 8
    },
    {
      "buffer": 0,
      "byteOffset": 53808,
      "byteLength": 540,
      "target": 34963
    },
    {
      "buffer": 0,
      "byteOffset": 54348,
      "byteLength": 768,
      "target": 34962,
      "byteStride": 12
    },
    {
      "buffer": 0,
      "byteOffset": 55116,
      "byteLength": 768,
      "target": 34962,
      "byteStride": 12
    },
    {
      "buffer": 0,
      "byteOffset": 55884,
      "byteLength": 512,
      "target": 34962,
      "byteStride": 8
    },
    {
      "buffer": 0,
      "byteOffset": 56396,
      "byteLength": 540,
      "target": 34963
    },
    {
      "buffer": 0,
      "byteOffset": 56936,
      "byteLength": 768,
      "target": 34962,
      "byteStride": 12
    },
    {
      "buffer": 0,
      "byteOffset": 57704,
      "byteLength": 768,
      "target": 34962,
      "byteStride": 12
    },
    {
      "buffer": 0,
      "byteOffset": 58472,
      "byteLength": 512,
      "target": 34962,
      "byteStride": 8
    },
    {
      "buffer": 0,
      "byteOffset": 58984,
      "byteLength": 540,
      "target": 34963
    },
    {
      "buffer": 0,
      "byteOffset": 59524,
      "byteLength": 768,
      "target": 34962,
      "byteStride": 12
    },
    {
      "buffer": 0,
      "byteOffset": 60292,
      "byteLength": 768,
      "target": 34962,
      "byteStride": 12
    },
    {
      "buffer": 0,
      "byteOffset": 61060,
      "byteLength": 512,
      "target": 34962,
      "byteStride": 8
    },
    {
      "buffer": 0,
      "byteOffset": 61572,
      "byteLength": 540,
      "target": 34963
    },
    {
      "buffer": 0,
      "byteOffset": 62112,
      "byteLength": 768,
      "target": 34962,
      "byteStride": 12
    },
    {
      "buffer": 0,
      "byteOffset": 62880,
      "byteLength": 768,
      "target": 34962,
      "byteStride": 12
    },
    {
      "buffer": 0,
      "byteOffset": 63648,
      "byteLength": 512,
      "target": 34962,
      "byteStride": 8
    },
    {
      "buffer": 0,
      "byteOffset": 64160,
      "byteLength": 540,
      "target": 34963
    }
  ],
  "buffers": [
    {
      "byteLength": 64700,
